000000000000000000
100001100000010000
100000011010010000
100000011000001000
000100001111111101
100000011000001000
000100010000010001
100000011000001000
000100010000100101
100000011000001000
000100010000111001
100000011000001000
000100010001001101
100000011000001000
000100010001100001
100000011000001000
000100010001110101
100000011000001000
000100010010001001
100000011000001000
000100010010011101
100000011000001000
000100010010110001
100000011000001000
000100010011000101
100000011000001000
000100010011011001
100000011000001000
000100010011101101
100000011000001000
000100010100000001
100000011000001000
000100010100010101
100000011000001000
000100010100101001
100000011000001000
